running on 8 threads
{(0,2), (0,3), (1,0), (1,1), (1,4), (2,0), (2,1), (2,4), (3,0), (3,3), (3,4), (4,1), (4,2)} 13
{(0,4), (0,5), (0,6), (1,2), (1,3), (1,4), (1,6), (1,7), (2,0), (2,1), (2,2), (2,3), (2,4), (2,5), (2,6), (2,7), (2,8), (3,0), (3,1), (3,2), (3,3), (3,4), (3,5), (3,6), (3,7), (3,8), (4,0), (4,1), (4,2), (4,3), (4,4), (4,5), (4,7), (4,8), (5,0), (5,1), (5,2), (5,3), (5,4), (5,5), (5,6), (5,7), (5,8), (6,0), (6,1), (6,2), (6,3), (6,4), (6,5), (6,6), (6,7), (6,8), (7,1), (7,2), (7,4), (7,5), (7,6), (8,2), (8,3), (8,4)} 60
{(1,5), (1,6), (1,7), (2,3), (2,4), (2,5), (2,7), (2,8), (3,1), (3,2), (3,3), (3,4), (3,5), (3,6), (3,7), (3,8), (3,9), (4,1), (4,2), (4,3), (4,4), (4,5), (4,6), (4,7), (4,8), (4,9), (5,1), (5,2), (5,4), (5,5), (5,6), (5,8), (5,9), (6,1), (6,2), (6,3), (6,4), (6,5), (6,6), (6,7), (6,8), (6,9), (7,1), (7,2), (7,3), (7,4), (7,5), (7,6), (7,7), (7,8), (7,9), (8,2), (8,3), (8,5), (8,6), (8,7), (9,3), (9,4), (9,5)} 59




**seed: 7130732


{(0,2), (0,3), (1,0), (1,1), (1,4), (2,0), (2,3), (2,4), (3,0), (3,3), (3,4), (4,1), (4,2)} 13
{(0,4), (0,5), (0,6), (1,2), (1,3), (1,4), (1,6), (1,7), (2,0), (2,1), (2,2), (2,3), (2,4), (2,5), (2,6), (2,7), (2,8), (3,0), (3,1), (3,2), (3,3), (3,4), (3,5), (3,6), (3,7), (3,8), (4,0), (4,1), (4,3), (4,4), (4,5), (4,6), (4,7), (4,8), (5,0), (5,1), (5,2), (5,3), (5,4), (5,5), (5,6), (5,7), (5,8), (6,0), (6,1), (6,2), (6,3), (6,4), (6,5), (6,6), (6,7), (6,8), (7,1), (7,2), (7,4), (7,5), (7,6), (8,2), (8,3), (8,4)} 60
{(1,5), (1,6), (1,7), (2,3), (2,4), (2,5), (2,7), (2,8), (3,1), (3,2), (3,3), (3,4), (3,5), (3,6), (3,7), (3,8), (3,9), (4,1), (4,2), (4,3), (4,4), (4,5), (4,6), (4,7), (4,8), (4,9), (5,1), (5,2), (5,4), (5,5), (5,6), (5,8), (5,9), (6,1), (6,2), (6,3), (6,4), (6,5), (6,6), (6,7), (6,8), (6,9), (7,1), (7,2), (7,3), (7,4), (7,5), (7,6), (7,7), (7,8), (7,9), (8,2), (8,3), (8,5), (8,6), (8,7), (9,3), (9,4), (9,5)} 59




**seed: 7136876


{(0,1), (0,2), (1,0), (1,3), (1,4), (2,0), (2,1), (2,4), (3,0), (3,1), (3,4), (4,2), (4,3)} 13
{(0,2), (0,3), (0,4), (1,1), (1,2), (1,4), (1,5), (1,6), (2,0), (2,1), (2,2), (2,3), (2,4), (2,5), (2,6), (2,7), (2,8), (3,0), (3,1), (3,2), (3,3), (3,4), (3,5), (3,6), (3,7), (3,8), (4,0), (4,1), (4,2), (4,3), (4,4), (4,5), (4,7), (4,8), (5,0), (5,1), (5,2), (5,3), (5,4), (5,5), (5,6), (5,7), (5,8), (6,0), (6,1), (6,2), (6,3), (6,4), (6,5), (6,6), (6,7), (6,8), (7,2), (7,3), (7,4), (7,6), (7,7), (8,4), (8,5), (8,6)} 60
{(1,3), (1,4), (1,5), (2,2), (2,3), (2,5), (2,6), (2,7), (3,1), (3,2), (3,3), (3,4), (3,5), (3,6), (3,7), (3,8), (3,9), (4,1), (4,2), (4,3), (4,4), (4,5), (4,6), (4,7), (4,8), (4,9), (5,1), (5,2), (5,4), (5,5), (5,6), (5,8), (5,9), (6,1), (6,2), (6,3), (6,4), (6,5), (6,6), (6,7), (6,8), (6,9), (7,1), (7,2), (7,3), (7,4), (7,5), (7,6), (7,7), (7,8), (7,9), (8,3), (8,4), (8,5), (8,7), (8,8), (9,5), (9,6), (9,7)} 59




**seed: 13225766


{(0,1), (0,2), (1,0), (1,3), (1,4), (2,0), (2,3), (2,4), (3,0), (3,1), (3,4), (4,2), (4,3)} 13
{(0,2), (0,3), (0,4), (1,1), (1,2), (1,4), (1,5), (1,6), (2,0), (2,1), (2,2), (2,3), (2,4), (2,5), (2,6), (2,7), (2,8), (3,0), (3,1), (3,2), (3,3), (3,4), (3,5), (3,6), (3,7), (3,8), (4,0), (4,1), (4,3), (4,4), (4,5), (4,6), (4,7), (4,8), (5,0), (5,1), (5,2), (5,3), (5,4), (5,5), (5,6), (5,7), (5,8), (6,0), (6,1), (6,2), (6,3), (6,4), (6,5), (6,6), (6,7), (6,8), (7,2), (7,3), (7,4), (7,6), (7,7), (8,4), (8,5), (8,6)} 60
{(1,3), (1,4), (1,5), (2,2), (2,3), (2,5), (2,6), (2,7), (3,1), (3,2), (3,3), (3,4), (3,5), (3,6), (3,7), (3,8), (3,9), (4,1), (4,2), (4,3), (4,4), (4,5), (4,6), (4,7), (4,8), (4,9), (5,1), (5,2), (5,4), (5,5), (5,6), (5,8), (5,9), (6,1), (6,2), (6,3), (6,4), (6,5), (6,6), (6,7), (6,8), (6,9), (7,1), (7,2), (7,3), (7,4), (7,5), (7,6), (7,7), (7,8), (7,9), (8,3), (8,4), (8,5), (8,7), (8,8), (9,5), (9,6), (9,7)} 59




**seed: 13231910


{(0,1), (0,2), (0,3), (1,1), (1,2), (1,4), (2,0), (2,4), (3,0), (3,3), (4,1), (4,2), (4,3)} 13
{(0,2), (0,3), (0,4), (0,5), (0,6), (1,2), (1,3), (1,4), (1,5), (1,6), (1,7), (2,1), (2,2), (2,3), (2,4), (2,5), (2,6), (2,7), (2,8), (3,1), (3,2), (3,3), (3,4), (3,5), (3,6), (3,8), (4,0), (4,1), (4,2), (4,3), (4,4), (4,5), (4,6), (4,7), (4,8), (5,0), (5,2), (5,3), (5,4), (5,5), (5,6), (5,7), (6,0), (6,1), (6,2), (6,3), (6,5), (6,6), (6,7), (7,1), (7,2), (7,3), (7,4), (7,5), (7,6), (8,2), (8,3), (8,4), (8,5), (8,6)} 60
{(1,3), (1,4), (1,5), (1,6), (1,7), (2,3), (2,4), (2,5), (2,6), (2,7), (2,8), (3,2), (3,3), (3,4), (3,6), (3,7), (3,8), (3,9), (4,2), (4,3), (4,4), (4,5), (4,6), (4,7), (4,9), (5,1), (5,2), (5,3), (5,4), (5,5), (5,6), (5,7), (5,8), (5,9), (6,1), (6,3), (6,4), (6,5), (6,6), (6,7), (6,8), (7,1), (7,2), (7,3), (7,4), (7,6), (7,7), (7,8), (8,2), (8,3), (8,4), (8,5), (8,6), (8,7), (9,3), (9,4), (9,5), (9,6), (9,7)} 59




**seed: 14993102


{(0,1), (0,2), (0,3), (1,1), (1,4), (2,0), (2,4), (3,0), (3,2), (3,3), (4,1), (4,2), (4,3)} 13
{(0,2), (0,3), (0,4), (0,5), (0,6), (1,2), (1,3), (1,4), (1,5), (1,6), (1,7), (2,1), (2,2), (2,3), (2,5), (2,6), (2,7), (2,8), (3,1), (3,2), (3,3), (3,4), (3,5), (3,6), (3,8), (4,0), (4,1), (4,2), (4,3), (4,4), (4,5), (4,6), (4,7), (4,8), (5,0), (5,2), (5,3), (5,4), (5,5), (5,6), (5,7), (6,0), (6,1), (6,2), (6,3), (6,4), (6,5), (6,6), (6,7), (7,1), (7,2), (7,3), (7,4), (7,5), (7,6), (8,2), (8,3), (8,4), (8,5), (8,6)} 60
{(1,3), (1,4), (1,5), (1,6), (1,7), (2,3), (2,4), (2,5), (2,6), (2,7), (2,8), (3,2), (3,3), (3,4), (3,6), (3,7), (3,8), (3,9), (4,2), (4,3), (4,4), (4,5), (4,6), (4,7), (4,9), (5,1), (5,2), (5,3), (5,4), (5,5), (5,6), (5,7), (5,8), (5,9), (6,1), (6,3), (6,4), (6,5), (6,6), (6,7), (6,8), (7,1), (7,2), (7,3), (7,4), (7,6), (7,7), (7,8), (8,2), (8,3), (8,4), (8,5), (8,6), (8,7), (9,3), (9,4), (9,5), (9,6), (9,7)} 59




**seed: 15124046


{(0,1), (0,2), (0,3), (1,0), (1,2), (1,3), (2,0), (2,4), (3,1), (3,4), (4,1), (4,2), (4,3)} 13
{(0,2), (0,3), (0,4), (0,5), (0,6), (1,1), (1,2), (1,3), (1,4), (1,5), (1,6), (2,0), (2,1), (2,2), (2,3), (2,4), (2,5), (2,6), (2,7), (3,0), (3,2), (3,3), (3,4), (3,5), (3,6), (3,7), (4,0), (4,1), (4,2), (4,3), (4,4), (4,5), (4,6), (4,7), (4,8), (5,1), (5,2), (5,3), (5,4), (5,5), (5,6), (5,8), (6,1), (6,2), (6,3), (6,5), (6,6), (6,7), (6,8), (7,2), (7,3), (7,4), (7,5), (7,6), (7,7), (8,2), (8,3), (8,4), (8,5), (8,6)} 60
{(1,3), (1,4), (1,5), (1,6), (1,7), (2,2), (2,3), (2,4), (2,5), (2,6), (2,7), (3,1), (3,2), (3,3), (3,4), (3,6), (3,7), (3,8), (4,1), (4,3), (4,4), (4,5), (4,6), (4,7), (4,8), (5,1), (5,2), (5,3), (5,4), (5,5), (5,6), (5,7), (5,8), (5,9), (6,2), (6,3), (6,4), (6,5), (6,6), (6,7), (6,9), (7,2), (7,3), (7,4), (7,6), (7,7), (7,8), (7,9), (8,3), (8,4), (8,5), (8,6), (8,7), (8,8), (9,3), (9,4), (9,5), (9,6), (9,7)} 59




**seed: 15287726


{(0,1), (0,2), (0,3), (1,0), (1,3), (2,0), (2,4), (3,1), (3,2), (3,4), (4,1), (4,2), (4,3)} 13
{(0,2), (0,3), (0,4), (0,5), (0,6), (1,1), (1,2), (1,3), (1,4), (1,5), (1,6), (2,0), (2,1), (2,2), (2,3), (2,5), (2,6), (2,7), (3,0), (3,2), (3,3), (3,4), (3,5), (3,6), (3,7), (4,0), (4,1), (4,2), (4,3), (4,4), (4,5), (4,6), (4,7), (4,8), (5,1), (5,2), (5,3), (5,4), (5,5), (5,6), (5,8), (6,1), (6,2), (6,3), (6,4), (6,5), (6,6), (6,7), (6,8), (7,2), (7,3), (7,4), (7,5), (7,6), (7,7), (8,2), (8,3), (8,4), (8,5), (8,6)} 60
{(1,3), (1,4), (1,5), (1,6), (1,7), (2,2), (2,3), (2,4), (2,5), (2,6), (2,7), (3,1), (3,2), (3,3), (3,4), (3,6), (3,7), (3,8), (4,1), (4,3), (4,4), (4,5), (4,6), (4,7), (4,8), (5,1), (5,2), (5,3), (5,4), (5,5), (5,6), (5,7), (5,8), (5,9), (6,2), (6,3), (6,4), (6,5), (6,6), (6,7), (6,9), (7,2), (7,3), (7,4), (7,6), (7,7), (7,8), (7,9), (8,3), (8,4), (8,5), (8,6), (8,7), (8,8), (9,3), (9,4), (9,5), (9,6), (9,7)} 59




**seed: 15418670


{(0,0), (0,1), (0,2), (0,4), (1,0), (1,3), (1,4), (2,1), (3,0), (3,3), (3,4), (4,0), (4,1), (4,2), (4,4)} 15
{(0,0), (0,1), (0,2), (0,3), (0,4), (0,5), (0,6), (0,8), (1,0), (1,1), (1,2), (1,3), (1,4), (1,5), (1,6), (1,7), (1,8), (2,0), (2,1), (2,2), (2,3), (2,4), (2,5), (2,6), (2,7), (2,8), (3,0), (3,1), (3,2), (3,3), (3,4), (3,5), (3,6), (3,7), (3,8), (4,0), (4,1), (4,2), (4,3), (4,4), (4,5), (4,6), (4,7), (4,8), (5,0), (5,1), (5,2), (5,3), (5,4), (5,5), (5,6), (5,7), (5,8), (6,0), (6,1), (6,2), (6,3), (6,4), (6,5), (6,6), (6,7), (6,8), (7,0), (7,1), (7,2), (7,3), (7,4), (7,5), (7,6), (7,7), (7,8), (8,0), (8,1), (8,2), (8,3), (8,4), (8,5), (8,6), (8,8)} 79
{(1,1), (1,2), (1,3), (1,4), (1,5), (1,6), (1,7), (1,8), (1,9), (2,1), (2,2), (2,3), (2,4), (2,5), (2,6), (2,7), (2,8), (2,9), (3,1), (3,2), (3,4), (3,5), (3,6), (3,8), (3,9), (4,1), (4,2), (4,3), (4,4), (4,5), (4,6), (4,7), (4,8), (4,9), (5,1), (5,2), (5,3), (5,4), (5,5), (5,6), (5,7), (5,8), (5,9), (6,1), (6,2), (6,3), (6,4), (6,5), (6,6), (6,7), (6,8), (6,9), (7,1), (7,2), (7,4), (7,5), (7,6), (7,8), (7,9), (8,1), (8,2), (8,3), (8,4), (8,5), (8,6), (8,7), (8,8), (8,9), (9,1), (9,2), (9,3), (9,4), (9,5), (9,6), (9,7), (9,8), (9,9)} 77




**seed: 24939319


{(0,0), (0,1), (0,2), (0,3), (0,4), (1,0), (1,3), (1,4), (2,1), (3,0), (3,3), (3,4), (4,0), (4,1), (4,2), (4,4)} 16
{(0,0), (0,1), (0,2), (0,3), (0,4), (0,5), (0,6), (0,7), (0,8), (1,0), (1,1), (1,2), (1,3), (1,4), (1,5), (1,6), (1,7), (1,8), (2,0), (2,1), (2,2), (2,3), (2,4), (2,5), (2,6), (2,7), (2,8), (3,0), (3,1), (3,2), (3,3), (3,4), (3,5), (3,6), (3,7), (3,8), (4,0), (4,1), (4,2), (4,3), (4,4), (4,5), (4,6), (4,7), (4,8), (5,0), (5,1), (5,2), (5,3), (5,4), (5,5), (5,6), (5,7), (5,8), (6,0), (6,1), (6,2), (6,3), (6,4), (6,5), (6,6), (6,7), (6,8), (7,0), (7,1), (7,2), (7,3), (7,4), (7,5), (7,6), (7,7), (7,8), (8,0), (8,1), (8,2), (8,3), (8,4), (8,5), (8,6), (8,8)} 80
{(1,1), (1,2), (1,3), (1,4), (1,5), (1,6), (1,7), (1,8), (1,9), (2,1), (2,2), (2,3), (2,4), (2,5), (2,6), (2,7), (2,8), (2,9), (3,1), (3,2), (3,4), (3,5), (3,6), (3,7), (3,8), (3,9), (4,1), (4,2), (4,3), (4,4), (4,5), (4,6), (4,7), (4,8), (4,9), (5,1), (5,2), (5,3), (5,4), (5,5), (5,6), (5,7), (5,8), (5,9), (6,1), (6,2), (6,3), (6,4), (6,5), (6,6), (6,7), (6,8), (6,9), (7,1), (7,2), (7,3), (7,4), (7,5), (7,6), (7,8), (7,9), (8,1), (8,2), (8,3), (8,4), (8,5), (8,6), (8,7), (8,8), (8,9), (9,1), (9,2), (9,3), (9,4), (9,5), (9,6), (9,7), (9,8), (9,9)} 79




**seed: 24939327


{(0,0), (0,1), (0,2), (0,3), (0,4), (1,0), (1,3), (1,4), (2,1), (3,0), (3,1), (3,3), (3,4), (4,0), (4,1), (4,2), (4,4)} 17
{(0,0), (0,1), (0,2), (0,3), (0,4), (0,5), (0,6), (0,7), (0,8), (1,0), (1,1), (1,2), (1,3), (1,4), (1,5), (1,6), (1,7), (1,8), (2,0), (2,1), (2,2), (2,3), (2,4), (2,5), (2,6), (2,7), (2,8), (3,0), (3,1), (3,2), (3,3), (3,4), (3,5), (3,6), (3,7), (3,8), (4,0), (4,1), (4,2), (4,3), (4,4), (4,5), (4,6), (4,7), (4,8), (5,0), (5,1), (5,2), (5,3), (5,4), (5,5), (5,6), (5,7), (5,8), (6,0), (6,1), (6,2), (6,3), (6,4), (6,5), (6,6), (6,7), (6,8), (7,0), (7,1), (7,2), (7,3), (7,4), (7,5), (7,6), (7,7), (7,8), (8,0), (8,1), (8,2), (8,3), (8,4), (8,5), (8,6), (8,8)} 80
{(1,1), (1,2), (1,3), (1,4), (1,5), (1,6), (1,7), (1,8), (1,9), (2,1), (2,2), (2,3), (2,4), (2,5), (2,6), (2,7), (2,8), (2,9), (3,1), (3,2), (3,4), (3,5), (3,6), (3,7), (3,8), (3,9), (4,1), (4,2), (4,3), (4,4), (4,5), (4,6), (4,7), (4,8), (4,9), (5,1), (5,2), (5,3), (5,4), (5,5), (5,6), (5,7), (5,8), (5,9), (6,1), (6,2), (6,3), (6,4), (6,5), (6,6), (6,7), (6,8), (6,9), (7,1), (7,2), (7,3), (7,4), (7,5), (7,6), (7,8), (7,9), (8,1), (8,2), (8,3), (8,4), (8,5), (8,6), (8,7), (8,8), (8,9), (9,1), (9,2), (9,3), (9,4), (9,5), (9,6), (9,7), (9,8), (9,9)} 79




**seed: 25004863


{(0,0), (0,1), (0,3), (0,4), (1,0), (1,2), (1,4), (2,0), (2,4), (3,1), (3,3), (4,0), (4,1), (4,3), (4,4)} 15
{(0,0), (0,1), (0,2), (0,3), (0,4), (0,5), (0,6), (0,7), (0,8), (1,0), (1,1), (1,2), (1,3), (1,4), (1,5), (1,6), (1,7), (1,8), (2,0), (2,1), (2,2), (2,3), (2,4), (2,5), (2,6), (2,7), (2,8), (3,0), (3,1), (3,2), (3,3), (3,4), (3,5), (3,6), (3,7), (3,8), (4,0), (4,1), (4,2), (4,3), (4,4), (4,5), (4,6), (4,7), (4,8), (5,0), (5,1), (5,2), (5,3), (5,4), (5,5), (5,6), (5,7), (5,8), (6,0), (6,1), (6,2), (6,3), (6,4), (6,5), (6,6), (6,7), (6,8), (7,1), (7,2), (7,3), (7,4), (7,5), (7,6), (7,7), (8,0), (8,1), (8,2), (8,3), (8,4), (8,5), (8,6), (8,7), (8,8)} 79
{(1,1), (1,2), (1,3), (1,4), (1,5), (1,6), (1,7), (1,8), (1,9), (2,1), (2,2), (2,3), (2,4), (2,5), (2,6), (2,7), (2,8), (2,9), (3,1), (3,2), (3,4), (3,5), (3,6), (3,8), (3,9), (4,1), (4,2), (4,3), (4,4), (4,5), (4,6), (4,7), (4,8), (4,9), (5,1), (5,2), (5,3), (5,4), (5,5), (5,6), (5,7), (5,8), (5,9), (6,1), (6,2), (6,3), (6,4), (6,5), (6,6), (6,7), (6,8), (6,9), (7,1), (7,2), (7,4), (7,5), (7,6), (7,8), (7,9), (8,1), (8,2), (8,3), (8,4), (8,5), (8,6), (8,7), (8,8), (8,9), (9,1), (9,2), (9,3), (9,4), (9,5), (9,6), (9,7), (9,8), (9,9)} 77




**seed: 28657339


{(0,0), (0,1), (0,3), (0,4), (1,0), (1,2), (1,4), (2,0), (2,4), (3,0), (3,1), (3,3), (4,0), (4,1), (4,3), (4,4)} 16
{(0,0), (0,1), (0,2), (0,3), (0,4), (0,5), (0,6), (0,7), (0,8), (1,0), (1,1), (1,2), (1,3), (1,4), (1,5), (1,6), (1,7), (1,8), (2,0), (2,1), (2,2), (2,3), (2,4), (2,5), (2,6), (2,7), (2,8), (3,0), (3,1), (3,2), (3,3), (3,4), (3,5), (3,6), (3,7), (3,8), (4,0), (4,1), (4,2), (4,3), (4,4), (4,5), (4,6), (4,7), (4,8), (5,0), (5,1), (5,2), (5,3), (5,4), (5,5), (5,6), (5,7), (5,8), (6,0), (6,1), (6,2), (6,3), (6,4), (6,5), (6,6), (6,7), (6,8), (7,0), (7,1), (7,2), (7,3), (7,4), (7,5), (7,6), (7,7), (8,0), (8,1), (8,2), (8,3), (8,4), (8,5), (8,6), (8,7), (8,8)} 80
{(1,1), (1,2), (1,3), (1,4), (1,5), (1,6), (1,7), (1,8), (1,9), (2,1), (2,2), (2,3), (2,4), (2,5), (2,6), (2,7), (2,8), (2,9), (3,1), (3,2), (3,4), (3,5), (3,6), (3,7), (3,8), (3,9), (4,1), (4,2), (4,3), (4,4), (4,5), (4,6), (4,7), (4,8), (4,9), (5,1), (5,2), (5,3), (5,4), (5,5), (5,6), (5,7), (5,8), (5,9), (6,1), (6,2), (6,3), (6,4), (6,5), (6,6), (6,7), (6,8), (6,9), (7,1), (7,2), (7,3), (7,4), (7,5), (7,6), (7,8), (7,9), (8,1), (8,2), (8,3), (8,4), (8,5), (8,6), (8,7), (8,8), (8,9), (9,1), (9,2), (9,3), (9,4), (9,5), (9,6), (9,7), (9,8), (9,9)} 79




**seed: 28690107


{(0,0), (0,1), (0,3), (0,4), (1,0), (1,2), (1,3), (1,4), (2,0), (2,4), (3,0), (3,1), (3,3), (4,0), (4,1), (4,3), (4,4)} 17
{(0,0), (0,1), (0,2), (0,3), (0,4), (0,5), (0,6), (0,7), (0,8), (1,0), (1,1), (1,2), (1,3), (1,4), (1,5), (1,6), (1,7), (1,8), (2,0), (2,1), (2,2), (2,3), (2,4), (2,5), (2,6), (2,7), (2,8), (3,0), (3,1), (3,2), (3,3), (3,4), (3,5), (3,6), (3,7), (3,8), (4,0), (4,1), (4,2), (4,3), (4,4), (4,5), (4,6), (4,7), (4,8), (5,0), (5,1), (5,2), (5,3), (5,4), (5,5), (5,6), (5,7), (5,8), (6,0), (6,1), (6,2), (6,3), (6,4), (6,5), (6,6), (6,7), (6,8), (7,0), (7,1), (7,2), (7,3), (7,4), (7,5), (7,6), (7,7), (8,0), (8,1), (8,2), (8,3), (8,4), (8,5), (8,6), (8,7), (8,8)} 80
{(1,1), (1,2), (1,3), (1,4), (1,5), (1,6), (1,7), (1,8), (1,9), (2,1), (2,2), (2,3), (2,4), (2,5), (2,6), (2,7), (2,8), (2,9), (3,1), (3,2), (3,4), (3,5), (3,6), (3,7), (3,8), (3,9), (4,1), (4,2), (4,3), (4,4), (4,5), (4,6), (4,7), (4,8), (4,9), (5,1), (5,2), (5,3), (5,4), (5,5), (5,6), (5,7), (5,8), (5,9), (6,1), (6,2), (6,3), (6,4), (6,5), (6,6), (6,7), (6,8), (6,9), (7,1), (7,2), (7,3), (7,4), (7,5), (7,6), (7,8), (7,9), (8,1), (8,2), (8,3), (8,4), (8,5), (8,6), (8,7), (8,8), (8,9), (9,1), (9,2), (9,3), (9,4), (9,5), (9,6), (9,7), (9,8), (9,9)} 79




**seed: 28690363


{(0,0), (0,1), (0,3), (0,4), (1,1), (1,3), (2,0), (2,4), (3,0), (3,2), (3,4), (4,0), (4,1), (4,3), (4,4)} 15
{(0,0), (0,1), (0,2), (0,3), (0,4), (0,5), (0,6), (0,7), (0,8), (1,1), (1,2), (1,3), (1,4), (1,5), (1,6), (1,7), (2,0), (2,1), (2,2), (2,3), (2,4), (2,5), (2,6), (2,7), (2,8), (3,0), (3,1), (3,2), (3,3), (3,4), (3,5), (3,6), (3,7), (3,8), (4,0), (4,1), (4,2), (4,3), (4,4), (4,5), (4,6), (4,7), (4,8), (5,0), (5,1), (5,2), (5,3), (5,4), (5,5), (5,6), (5,7), (5,8), (6,0), (6,1), (6,2), (6,3), (6,4), (6,5), (6,6), (6,7), (6,8), (7,0), (7,1), (7,2), (7,3), (7,4), (7,5), (7,6), (7,7), (7,8), (8,0), (8,1), (8,2), (8,3), (8,4), (8,5), (8,6), (8,7), (8,8)} 79
{(1,1), (1,2), (1,3), (1,4), (1,5), (1,6), (1,7), (1,8), (1,9), (2,1), (2,2), (2,3), (2,4), (2,5), (2,6), (2,7), (2,8), (2,9), (3,1), (3,2), (3,4), (3,5), (3,6), (3,8), (3,9), (4,1), (4,2), (4,3), (4,4), (4,5), (4,6), (4,7), (4,8), (4,9), (5,1), (5,2), (5,3), (5,4), (5,5), (5,6), (5,7), (5,8), (5,9), (6,1), (6,2), (6,3), (6,4), (6,5), (6,6), (6,7), (6,8), (6,9), (7,1), (7,2), (7,4), (7,5), (7,6), (7,8), (7,9), (8,1), (8,2), (8,3), (8,4), (8,5), (8,6), (8,7), (8,8), (8,9), (9,1), (9,2), (9,3), (9,4), (9,5), (9,6), (9,7), (9,8), (9,9)} 77




**seed: 29017435


{(0,0), (0,1), (0,3), (0,4), (1,0), (1,1), (1,3), (2,0), (2,4), (3,0), (3,2), (3,4), (4,0), (4,1), (4,3), (4,4)} 16
{(0,0), (0,1), (0,2), (0,3), (0,4), (0,5), (0,6), (0,7), (0,8), (1,0), (1,1), (1,2), (1,3), (1,4), (1,5), (1,6), (1,7), (2,0), (2,1), (2,2), (2,3), (2,4), (2,5), (2,6), (2,7), (2,8), (3,0), (3,1), (3,2), (3,3), (3,4), (3,5), (3,6), (3,7), (3,8), (4,0), (4,1), (4,2), (4,3), (4,4), (4,5), (4,6), (4,7), (4,8), (5,0), (5,1), (5,2), (5,3), (5,4), (5,5), (5,6), (5,7), (5,8), (6,0), (6,1), (6,2), (6,3), (6,4), (6,5), (6,6), (6,7), (6,8), (7,0), (7,1), (7,2), (7,3), (7,4), (7,5), (7,6), (7,7), (7,8), (8,0), (8,1), (8,2), (8,3), (8,4), (8,5), (8,6), (8,7), (8,8)} 80
{(1,1), (1,2), (1,3), (1,4), (1,5), (1,6), (1,7), (1,8), (1,9), (2,1), (2,2), (2,3), (2,4), (2,5), (2,6), (2,7), (2,8), (2,9), (3,1), (3,2), (3,3), (3,4), (3,5), (3,6), (3,8), (3,9), (4,1), (4,2), (4,3), (4,4), (4,5), (4,6), (4,7), (4,8), (4,9), (5,1), (5,2), (5,3), (5,4), (5,5), (5,6), (5,7), (5,8), (5,9), (6,1), (6,2), (6,3), (6,4), (6,5), (6,6), (6,7), (6,8), (6,9), (7,1), (7,2), (7,4), (7,5), (7,6), (7,7), (7,8), (7,9), (8,1), (8,2), (8,3), (8,4), (8,5), (8,6), (8,7), (8,8), (8,9), (9,1), (9,2), (9,3), (9,4), (9,5), (9,6), (9,7), (9,8), (9,9)} 79




**seed: 29017467


{(0,0), (0,1), (0,3), (0,4), (1,1), (1,3), (1,4), (2,0), (2,4), (3,0), (3,2), (3,4), (4,0), (4,1), (4,3), (4,4)} 16
{(0,0), (0,1), (0,2), (0,3), (0,4), (0,5), (0,6), (0,7), (0,8), (1,1), (1,2), (1,3), (1,4), (1,5), (1,6), (1,7), (1,8), (2,0), (2,1), (2,2), (2,3), (2,4), (2,5), (2,6), (2,7), (2,8), (3,0), (3,1), (3,2), (3,3), (3,4), (3,5), (3,6), (3,7), (3,8), (4,0), (4,1), (4,2), (4,3), (4,4), (4,5), (4,6), (4,7), (4,8), (5,0), (5,1), (5,2), (5,3), (5,4), (5,5), (5,6), (5,7), (5,8), (6,0), (6,1), (6,2), (6,3), (6,4), (6,5), (6,6), (6,7), (6,8), (7,0), (7,1), (7,2), (7,3), (7,4), (7,5), (7,6), (7,7), (7,8), (8,0), (8,1), (8,2), (8,3), (8,4), (8,5), (8,6), (8,7), (8,8)} 80
{(1,1), (1,2), (1,3), (1,4), (1,5), (1,6), (1,7), (1,8), (1,9), (2,1), (2,2), (2,3), (2,4), (2,5), (2,6), (2,7), (2,8), (2,9), (3,1), (3,2), (3,4), (3,5), (3,6), (3,7), (3,8), (3,9), (4,1), (4,2), (4,3), (4,4), (4,5), (4,6), (4,7), (4,8), (4,9), (5,1), (5,2), (5,3), (5,4), (5,5), (5,6), (5,7), (5,8), (5,9), (6,1), (6,2), (6,3), (6,4), (6,5), (6,6), (6,7), (6,8), (6,9), (7,1), (7,2), (7,3), (7,4), (7,5), (7,6), (7,8), (7,9), (8,1), (8,2), (8,3), (8,4), (8,5), (8,6), (8,7), (8,8), (8,9), (9,1), (9,2), (9,3), (9,4), (9,5), (9,6), (9,7), (9,8), (9,9)} 79




**seed: 29017947


{(0,0), (0,1), (0,3), (0,4), (1,1), (1,3), (1,4), (2,0), (2,4), (3,0), (3,1), (3,2), (3,4), (4,0), (4,1), (4,3), (4,4)} 17
{(0,0), (0,1), (0,2), (0,3), (0,4), (0,5), (0,6), (0,7), (0,8), (1,1), (1,2), (1,3), (1,4), (1,5), (1,6), (1,7), (1,8), (2,0), (2,1), (2,2), (2,3), (2,4), (2,5), (2,6), (2,7), (2,8), (3,0), (3,1), (3,2), (3,3), (3,4), (3,5), (3,6), (3,7), (3,8), (4,0), (4,1), (4,2), (4,3), (4,4), (4,5), (4,6), (4,7), (4,8), (5,0), (5,1), (5,2), (5,3), (5,4), (5,5), (5,6), (5,7), (5,8), (6,0), (6,1), (6,2), (6,3), (6,4), (6,5), (6,6), (6,7), (6,8), (7,0), (7,1), (7,2), (7,3), (7,4), (7,5), (7,6), (7,7), (7,8), (8,0), (8,1), (8,2), (8,3), (8,4), (8,5), (8,6), (8,7), (8,8)} 80
{(1,1), (1,2), (1,3), (1,4), (1,5), (1,6), (1,7), (1,8), (1,9), (2,1), (2,2), (2,3), (2,4), (2,5), (2,6), (2,7), (2,8), (2,9), (3,1), (3,2), (3,4), (3,5), (3,6), (3,7), (3,8), (3,9), (4,1), (4,2), (4,3), (4,4), (4,5), (4,6), (4,7), (4,8), (4,9), (5,1), (5,2), (5,3), (5,4), (5,5), (5,6), (5,7), (5,8), (5,9), (6,1), (6,2), (6,3), (6,4), (6,5), (6,6), (6,7), (6,8), (6,9), (7,1), (7,2), (7,3), (7,4), (7,5), (7,6), (7,8), (7,9), (8,1), (8,2), (8,3), (8,4), (8,5), (8,6), (8,7), (8,8), (8,9), (9,1), (9,2), (9,3), (9,4), (9,5), (9,6), (9,7), (9,8), (9,9)} 79




**seed: 29083483


{(0,0), (0,1), (0,3), (0,4), (1,0), (1,2), (1,4), (2,0), (2,4), (3,1), (3,3), (3,4), (4,0), (4,1), (4,3), (4,4)} 16
{(0,0), (0,1), (0,2), (0,3), (0,4), (0,5), (0,6), (0,7), (0,8), (1,0), (1,1), (1,2), (1,3), (1,4), (1,5), (1,6), (1,7), (1,8), (2,0), (2,1), (2,2), (2,3), (2,4), (2,5), (2,6), (2,7), (2,8), (3,0), (3,1), (3,2), (3,3), (3,4), (3,5), (3,6), (3,7), (3,8), (4,0), (4,1), (4,2), (4,3), (4,4), (4,5), (4,6), (4,7), (4,8), (5,0), (5,1), (5,2), (5,3), (5,4), (5,5), (5,6), (5,7), (5,8), (6,0), (6,1), (6,2), (6,3), (6,4), (6,5), (6,6), (6,7), (6,8), (7,1), (7,2), (7,3), (7,4), (7,5), (7,6), (7,7), (7,8), (8,0), (8,1), (8,2), (8,3), (8,4), (8,5), (8,6), (8,7), (8,8)} 80
{(1,1), (1,2), (1,3), (1,4), (1,5), (1,6), (1,7), (1,8), (1,9), (2,1), (2,2), (2,3), (2,4), (2,5), (2,6), (2,7), (2,8), (2,9), (3,1), (3,2), (3,3), (3,4), (3,5), (3,6), (3,8), (3,9), (4,1), (4,2), (4,3), (4,4), (4,5), (4,6), (4,7), (4,8), (4,9), (5,1), (5,2), (5,3), (5,4), (5,5), (5,6), (5,7), (5,8), (5,9), (6,1), (6,2), (6,3), (6,4), (6,5), (6,6), (6,7), (6,8), (6,9), (7,1), (7,2), (7,4), (7,5), (7,6), (7,7), (7,8), (7,9), (8,1), (8,2), (8,3), (8,4), (8,5), (8,6), (8,7), (8,8), (8,9), (9,1), (9,2), (9,3), (9,4), (9,5), (9,6), (9,7), (9,8), (9,9)} 79




{(0,0), (0,1), (0,3), (0,4), (1,0), (1,1), (1,2), (1,4), (2,0), (2,4), (3,1), (3,3), (3,4), (4,0), (4,1), (4,3), (4,4)} 17
{(0,0), (0,1), (0,2), (0,3), (0,4), (0,5), (0,6), (0,7), (0,8), (1,0), (1,1), (1,2), (1,3), (1,4), (1,5), (1,6), (1,7), (1,8), (2,0), (2,1), (2,2), (2,3), (2,4), (2,5), (2,6), (2,7), (2,8), (3,0), (3,1), (3,2), (3,3), (3,4), (3,5), (3,6), (3,7), (3,8), (4,0), (4,1), (4,2), (4,3), (4,4), (4,5), (4,6), (4,7), (4,8), (5,0), (5,1), (5,2), (5,3), (5,4), (5,5), (5,6), (5,7), (5,8), (6,0), (6,1), (6,2), (6,3), (6,4), (6,5), (6,6), (6,7), (6,8), (7,1), (7,2), (7,3), (7,4), (7,5), (7,6), (7,7), (7,8), (8,0), (8,1), (8,2), (8,3), (8,4), (8,5), (8,6), (8,7), (8,8)} 80
{(1,1), (1,2), (1,3), (1,4), (1,5), (1,6), (1,7), (1,8), (1,9), (2,1), (2,2), (2,3), (2,4), (2,5), (2,6), (2,7), (2,8), (2,9), (3,1), (3,2), (3,3), (3,4), (3,5), (3,6), (3,8), (3,9), (4,1), (4,2), (4,3), (4,4), (4,5), (4,6), (4,7), (4,8), (4,9), (5,1), (5,2), (5,3), (5,4), (5,5), (5,6), (5,7), (5,8), (5,9), (6,1), (6,2), (6,3), (6,4), (6,5), (6,6), (6,7), (6,8), (6,9), (7,1), (7,2), (7,4), (7,5), (7,6), (7,7), (7,8), (7,9), (8,1), (8,2), (8,3), (8,4), (8,5), (8,6), (8,7), (8,8), (8,9), (9,1), (9,2), (9,3), (9,4), (9,5), (9,6), (9,7), (9,8), (9,9)} 79




**seed: 29181691


**seed: 29181627


{(0,0), (0,1), (0,3), (0,4), (1,0), (1,1), (1,3), (2,0), (2,4), (3,0), (3,2), (3,3), (3,4), (4,0), (4,1), (4,3), (4,4)} 17
{(0,0), (0,1), (0,2), (0,3), (0,4), (0,5), (0,6), (0,7), (0,8), (1,0), (1,1), (1,2), (1,3), (1,4), (1,5), (1,6), (1,7), (2,0), (2,1), (2,2), (2,3), (2,4), (2,5), (2,6), (2,7), (2,8), (3,0), (3,1), (3,2), (3,3), (3,4), (3,5), (3,6), (3,7), (3,8), (4,0), (4,1), (4,2), (4,3), (4,4), (4,5), (4,6), (4,7), (4,8), (5,0), (5,1), (5,2), (5,3), (5,4), (5,5), (5,6), (5,7), (5,8), (6,0), (6,1), (6,2), (6,3), (6,4), (6,5), (6,6), (6,7), (6,8), (7,0), (7,1), (7,2), (7,3), (7,4), (7,5), (7,6), (7,7), (7,8), (8,0), (8,1), (8,2), (8,3), (8,4), (8,5), (8,6), (8,7), (8,8)} 80
{(1,1), (1,2), (1,3), (1,4), (1,5), (1,6), (1,7), (1,8), (1,9), (2,1), (2,2), (2,3), (2,4), (2,5), (2,6), (2,7), (2,8), (2,9), (3,1), (3,2), (3,3), (3,4), (3,5), (3,6), (3,8), (3,9), (4,1), (4,2), (4,3), (4,4), (4,5), (4,6), (4,7), (4,8), (4,9), (5,1), (5,2), (5,3), (5,4), (5,5), (5,6), (5,7), (5,8), (5,9), (6,1), (6,2), (6,3), (6,4), (6,5), (6,6), (6,7), (6,8), (6,9), (7,1), (7,2), (7,4), (7,5), (7,6), (7,7), (7,8), (7,9), (8,1), (8,2), (8,3), (8,4), (8,5), (8,6), (8,7), (8,8), (8,9), (9,1), (9,2), (9,3), (9,4), (9,5), (9,6), (9,7), (9,8), (9,9)} 79




**seed: 29279611


{(0,0), (0,2), (0,3), (0,4), (1,0), (1,1), (1,4), (2,3), (3,0), (3,1), (3,4), (4,0), (4,2), (4,3), (4,4)} 15
{(0,0), (0,2), (0,3), (0,4), (0,5), (0,6), (0,7), (0,8), (1,0), (1,1), (1,2), (1,3), (1,4), (1,5), (1,6), (1,7), (1,8), (2,0), (2,1), (2,2), (2,3), (2,4), (2,5), (2,6), (2,7), (2,8), (3,0), (3,1), (3,2), (3,3), (3,4), (3,5), (3,6), (3,7), (3,8), (4,0), (4,1), (4,2), (4,3), (4,4), (4,5), (4,6), (4,7), (4,8), (5,0), (5,1), (5,2), (5,3), (5,4), (5,5), (5,6), (5,7), (5,8), (6,0), (6,1), (6,2), (6,3), (6,4), (6,5), (6,6), (6,7), (6,8), (7,0), (7,1), (7,2), (7,3), (7,4), (7,5), (7,6), (7,7), (7,8), (8,0), (8,2), (8,3), (8,4), (8,5), (8,6), (8,7), (8,8)} 79
{(1,1), (1,2), (1,3), (1,4), (1,5), (1,6), (1,7), (1,8), (1,9), (2,1), (2,2), (2,3), (2,4), (2,5), (2,6), (2,7), (2,8), (2,9), (3,1), (3,2), (3,4), (3,5), (3,6), (3,8), (3,9), (4,1), (4,2), (4,3), (4,4), (4,5), (4,6), (4,7), (4,8), (4,9), (5,1), (5,2), (5,3), (5,4), (5,5), (5,6), (5,7), (5,8), (5,9), (6,1), (6,2), (6,3), (6,4), (6,5), (6,6), (6,7), (6,8), (6,9), (7,1), (7,2), (7,4), (7,5), (7,6), (7,8), (7,9), (8,1), (8,2), (8,3), (8,4), (8,5), (8,6), (8,7), (8,8), (8,9), (9,1), (9,2), (9,3), (9,4), (9,5), (9,6), (9,7), (9,8), (9,9)} 77




**seed: 31040125


{(0,0), (0,1), (0,2), (0,3), (0,4), (1,0), (1,1), (1,4), (2,3), (3,0), (3,1), (3,4), (4,0), (4,2), (4,3), (4,4)} 16
{(0,0), (0,1), (0,2), (0,3), (0,4), (0,5), (0,6), (0,7), (0,8), (1,0), (1,1), (1,2), (1,3), (1,4), (1,5), (1,6), (1,7), (1,8), (2,0), (2,1), (2,2), (2,3), (2,4), (2,5), (2,6), (2,7), (2,8), (3,0), (3,1), (3,2), (3,3), (3,4), (3,5), (3,6), (3,7), (3,8), (4,0), (4,1), (4,2), (4,3), (4,4), (4,5), (4,6), (4,7), (4,8), (5,0), (5,1), (5,2), (5,3), (5,4), (5,5), (5,6), (5,7), (5,8), (6,0), (6,1), (6,2), (6,3), (6,4), (6,5), (6,6), (6,7), (6,8), (7,0), (7,1), (7,2), (7,3), (7,4), (7,5), (7,6), (7,7), (7,8), (8,0), (8,2), (8,3), (8,4), (8,5), (8,6), (8,7), (8,8)} 80
{(1,1), (1,2), (1,3), (1,4), (1,5), (1,6), (1,7), (1,8), (1,9), (2,1), (2,2), (2,3), (2,4), (2,5), (2,6), (2,7), (2,8), (2,9), (3,1), (3,2), (3,3), (3,4), (3,5), (3,6), (3,8), (3,9), (4,1), (4,2), (4,3), (4,4), (4,5), (4,6), (4,7), (4,8), (4,9), (5,1), (5,2), (5,3), (5,4), (5,5), (5,6), (5,7), (5,8), (5,9), (6,1), (6,2), (6,3), (6,4), (6,5), (6,6), (6,7), (6,8), (6,9), (7,1), (7,2), (7,4), (7,5), (7,6), (7,7), (7,8), (7,9), (8,1), (8,2), (8,3), (8,4), (8,5), (8,6), (8,7), (8,8), (8,9), (9,1), (9,2), (9,3), (9,4), (9,5), (9,6), (9,7), (9,8), (9,9)} 79




**seed: 31040127


{(0,0), (0,1), (0,2), (0,3), (0,4), (1,0), (1,1), (1,4), (2,3), (3,0), (3,1), (3,3), (3,4), (4,0), (4,2), (4,3), (4,4)} 17
{(0,0), (0,1), (0,2), (0,3), (0,4), (0,5), (0,6), (0,7), (0,8), (1,0), (1,1), (1,2), (1,3), (1,4), (1,5), (1,6), (1,7), (1,8), (2,0), (2,1), (2,2), (2,3), (2,4), (2,5), (2,6), (2,7), (2,8), (3,0), (3,1), (3,2), (3,3), (3,4), (3,5), (3,6), (3,7), (3,8), (4,0), (4,1), (4,2), (4,3), (4,4), (4,5), (4,6), (4,7), (4,8), (5,0), (5,1), (5,2), (5,3), (5,4), (5,5), (5,6), (5,7), (5,8), (6,0), (6,1), (6,2), (6,3), (6,4), (6,5), (6,6), (6,7), (6,8), (7,0), (7,1), (7,2), (7,3), (7,4), (7,5), (7,6), (7,7), (7,8), (8,0), (8,2), (8,3), (8,4), (8,5), (8,6), (8,7), (8,8)} 80
{(1,1), (1,2), (1,3), (1,4), (1,5), (1,6), (1,7), (1,8), (1,9), (2,1), (2,2), (2,3), (2,4), (2,5), (2,6), (2,7), (2,8), (2,9), (3,1), (3,2), (3,3), (3,4), (3,5), (3,6), (3,8), (3,9), (4,1), (4,2), (4,3), (4,4), (4,5), (4,6), (4,7), (4,8), (4,9), (5,1), (5,2), (5,3), (5,4), (5,5), (5,6), (5,7), (5,8), (5,9), (6,1), (6,2), (6,3), (6,4), (6,5), (6,6), (6,7), (6,8), (6,9), (7,1), (7,2), (7,4), (7,5), (7,6), (7,7), (7,8), (7,9), (8,1), (8,2), (8,3), (8,4), (8,5), (8,6), (8,7), (8,8), (8,9), (9,1), (9,2), (9,3), (9,4), (9,5), (9,6), (9,7), (9,8), (9,9)} 79




**seed: 31302271


{(0,0), (0,2), (0,3), (0,4), (1,0), (1,1), (1,4), (2,3), (3,0), (3,1), (3,4), (4,0), (4,1), (4,2), (4,3), (4,4)} 16
{(0,0), (0,2), (0,3), (0,4), (0,5), (0,6), (0,7), (0,8), (1,0), (1,1), (1,2), (1,3), (1,4), (1,5), (1,6), (1,7), (1,8), (2,0), (2,1), (2,2), (2,3), (2,4), (2,5), (2,6), (2,7), (2,8), (3,0), (3,1), (3,2), (3,3), (3,4), (3,5), (3,6), (3,7), (3,8), (4,0), (4,1), (4,2), (4,3), (4,4), (4,5), (4,6), (4,7), (4,8), (5,0), (5,1), (5,2), (5,3), (5,4), (5,5), (5,6), (5,7), (5,8), (6,0), (6,1), (6,2), (6,3), (6,4), (6,5), (6,6), (6,7), (6,8), (7,0), (7,1), (7,2), (7,3), (7,4), (7,5), (7,6), (7,7), (7,8), (8,0), (8,1), (8,2), (8,3), (8,4), (8,5), (8,6), (8,7), (8,8)} 80
{(1,1), (1,2), (1,3), (1,4), (1,5), (1,6), (1,7), (1,8), (1,9), (2,1), (2,2), (2,3), (2,4), (2,5), (2,6), (2,7), (2,8), (2,9), (3,1), (3,2), (3,4), (3,5), (3,6), (3,7), (3,8), (3,9), (4,1), (4,2), (4,3), (4,4), (4,5), (4,6), (4,7), (4,8), (4,9), (5,1), (5,2), (5,3), (5,4), (5,5), (5,6), (5,7), (5,8), (5,9), (6,1), (6,2), (6,3), (6,4), (6,5), (6,6), (6,7), (6,8), (6,9), (7,1), (7,2), (7,3), (7,4), (7,5), (7,6), (7,8), (7,9), (8,1), (8,2), (8,3), (8,4), (8,5), (8,6), (8,7), (8,8), (8,9), (9,1), (9,2), (9,3), (9,4), (9,5), (9,6), (9,7), (9,8), (9,9)} 79




**seed: 33137277


{(0,0), (0,2), (0,3), (0,4), (1,0), (1,1), (1,3), (1,4), (2,3), (3,0), (3,1), (3,4), (4,0), (4,1), (4,2), (4,3), (4,4)} 17
{(0,0), (0,2), (0,3), (0,4), (0,5), (0,6), (0,7), (0,8), (1,0), (1,1), (1,2), (1,3), (1,4), (1,5), (1,6), (1,7), (1,8), (2,0), (2,1), (2,2), (2,3), (2,4), (2,5), (2,6), (2,7), (2,8), (3,0), (3,1), (3,2), (3,3), (3,4), (3,5), (3,6), (3,7), (3,8), (4,0), (4,1), (4,2), (4,3), (4,4), (4,5), (4,6), (4,7), (4,8), (5,0), (5,1), (5,2), (5,3), (5,4), (5,5), (5,6), (5,7), (5,8), (6,0), (6,1), (6,2), (6,3), (6,4), (6,5), (6,6), (6,7), (6,8), (7,0), (7,1), (7,2), (7,3), (7,4), (7,5), (7,6), (7,7), (7,8), (8,0), (8,1), (8,2), (8,3), (8,4), (8,5), (8,6), (8,7), (8,8)} 80
{(1,1), (1,2), (1,3), (1,4), (1,5), (1,6), (1,7), (1,8), (1,9), (2,1), (2,2), (2,3), (2,4), (2,5), (2,6), (2,7), (2,8), (2,9), (3,1), (3,2), (3,4), (3,5), (3,6), (3,7), (3,8), (3,9), (4,1), (4,2), (4,3), (4,4), (4,5), (4,6), (4,7), (4,8), (4,9), (5,1), (5,2), (5,3), (5,4), (5,5), (5,6), (5,7), (5,8), (5,9), (6,1), (6,2), (6,3), (6,4), (6,5), (6,6), (6,7), (6,8), (6,9), (7,1), (7,2), (7,3), (7,4), (7,5), (7,6), (7,8), (7,9), (8,1), (8,2), (8,3), (8,4), (8,5), (8,6), (8,7), (8,8), (8,9), (9,1), (9,2), (9,3), (9,4), (9,5), (9,6), (9,7), (9,8), (9,9)} 79




**seed: 33137533


{(0,0), (0,1), (0,2), (0,4), (1,0), (1,3), (1,4), (2,1), (3,0), (3,3), (3,4), (4,0), (4,1), (4,2), (4,3), (4,4)} 16
{(0,0), (0,1), (0,2), (0,3), (0,4), (0,5), (0,6), (0,8), (1,0), (1,1), (1,2), (1,3), (1,4), (1,5), (1,6), (1,7), (1,8), (2,0), (2,1), (2,2), (2,3), (2,4), (2,5), (2,6), (2,7), (2,8), (3,0), (3,1), (3,2), (3,3), (3,4), (3,5), (3,6), (3,7), (3,8), (4,0), (4,1), (4,2), (4,3), (4,4), (4,5), (4,6), (4,7), (4,8), (5,0), (5,1), (5,2), (5,3), (5,4), (5,5), (5,6), (5,7), (5,8), (6,0), (6,1), (6,2), (6,3), (6,4), (6,5), (6,6), (6,7), (6,8), (7,0), (7,1), (7,2), (7,3), (7,4), (7,5), (7,6), (7,7), (7,8), (8,0), (8,1), (8,2), (8,3), (8,4), (8,5), (8,6), (8,7), (8,8)} 80
{(1,1), (1,2), (1,3), (1,4), (1,5), (1,6), (1,7), (1,8), (1,9), (2,1), (2,2), (2,3), (2,4), (2,5), (2,6), (2,7), (2,8), (2,9), (3,1), (3,2), (3,3), (3,4), (3,5), (3,6), (3,8), (3,9), (4,1), (4,2), (4,3), (4,4), (4,5), (4,6), (4,7), (4,8), (4,9), (5,1), (5,2), (5,3), (5,4), (5,5), (5,6), (5,7), (5,8), (5,9), (6,1), (6,2), (6,3), (6,4), (6,5), (6,6), (6,7), (6,8), (6,9), (7,1), (7,2), (7,4), (7,5), (7,6), (7,7), (7,8), (7,9), (8,1), (8,2), (8,3), (8,4), (8,5), (8,6), (8,7), (8,8), (8,9), (9,1), (9,2), (9,3), (9,4), (9,5), (9,6), (9,7), (9,8), (9,9)} 79




**seed: 33327927


{(0,0), (0,1), (0,2), (0,4), (1,0), (1,1), (1,3), (1,4), (2,1), (3,0), (3,3), (3,4), (4,0), (4,1), (4,2), (4,3), (4,4)} 17
{(0,0), (0,1), (0,2), (0,3), (0,4), (0,5), (0,6), (0,8), (1,0), (1,1), (1,2), (1,3), (1,4), (1,5), (1,6), (1,7), (1,8), (2,0), (2,1), (2,2), (2,3), (2,4), (2,5), (2,6), (2,7), (2,8), (3,0), (3,1), (3,2), (3,3), (3,4), (3,5), (3,6), (3,7), (3,8), (4,0), (4,1), (4,2), (4,3), (4,4), (4,5), (4,6), (4,7), (4,8), (5,0), (5,1), (5,2), (5,3), (5,4), (5,5), (5,6), (5,7), (5,8), (6,0), (6,1), (6,2), (6,3), (6,4), (6,5), (6,6), (6,7), (6,8), (7,0), (7,1), (7,2), (7,3), (7,4), (7,5), (7,6), (7,7), (7,8), (8,0), (8,1), (8,2), (8,3), (8,4), (8,5), (8,6), (8,7), (8,8)} 80
{(1,1), (1,2), (1,3), (1,4), (1,5), (1,6), (1,7), (1,8), (1,9), (2,1), (2,2), (2,3), (2,4), (2,5), (2,6), (2,7), (2,8), (2,9), (3,1), (3,2), (3,3), (3,4), (3,5), (3,6), (3,8), (3,9), (4,1), (4,2), (4,3), (4,4), (4,5), (4,6), (4,7), (4,8), (4,9), (5,1), (5,2), (5,3), (5,4), (5,5), (5,6), (5,7), (5,8), (5,9), (6,1), (6,2), (6,3), (6,4), (6,5), (6,6), (6,7), (6,8), (6,9), (7,1), (7,2), (7,4), (7,5), (7,6), (7,7), (7,8), (7,9), (8,1), (8,2), (8,3), (8,4), (8,5), (8,6), (8,7), (8,8), (8,9), (9,1), (9,2), (9,3), (9,4), (9,5), (9,6), (9,7), (9,8), (9,9)} 79




**seed: 33327991



real	0m16.278s
user	2m10.021s
sys	0m0.010s
